# X Y Z
0 0 0 874
0 0 3 436
0 7 1 701
0 4 11 232
0 1 10 818
0 9 6 538
0 23 20 174
0 9 25 733
0 0 6 176
0 2 29 105
0 6 20 546
0 10 7 884
0 36 2 572
0 8 27 716
0 6 22 38
0 9 11 760
0 15 10 495
0 35 41 877
0 37 49 957
0 8 5 751
0 64 72 660
0 25 5 480
0 72 78 261
0 44 12 806
0 38 84 528
0 58 3 853
0 6 17 302
0 79 79 873
0 15 7 187
0 25 66 324
0 101 12 164
0 28 40 774
0 14 101 387
0 13 89 560
0 131 129 554
0 123 110 93
0 5 37 73
0 103 84 577
0 25 76 233
0 57 0 140
0 24 43 793
0 110 123 921
0 3 130 481
0 4 140 698
0 9 87 951
0 48 54 589
0 181 0 128
0 65 127 438
0 48 27 732
0 129 173 102
0 96 164 768
0 19 24 62
0 102 63 886
0 12 121 214
0 148 87 705
0 117 55 567
0 102 158 692
0 224 130 236
0 212 14 161
0 15 81 26
0 225 115 977
0 3 221 181
0 49 190 334
0 158 91 779
0 125 117 243
0 39 97 112
0 239 99 841
0 174 81 828
0 21 39 526
0 84 23 557
0 70 227 779
0 99 186 791
0 165 235 896
0 186 188 9
0 196 31 685
0 238 225 457
0 53 261 295
0 198 9 669
0 213 18 82
0 231 148 418
0 100 269 903
0 4 61 972
0 70 268 946
0 301 246 370
0 94 131 431
0 139 330 752
0 188 143 915
0 169 124 779
0 246 242 505
0 94 210 721
0 18 29 733
0 256 319 379
0 104 139 279
0 353 44 590
0 288 362 775
0 319 22 524
0 233 290 207
0 306 24 50
0 141 173 123
0 352 292 841
